294400
631900
407600
338000
819900
581100
584800
484400
901100
289300
281100
600900
165600
305000
403400
516300
363000
858400
923300
565400
726700
532100
150200
997100
856900
591700
365100
350400
970700
623900
962700
265100
449200
370200
696600
269000
851300
474900
847000
945800
664200
128000
546600
923300
526600
143400
439600
789600
901900
362800
548400
822000
988400
598600
112500
845200
383700
571100
195500
354400
194900
351600
713000
544200
815300
603000
906700
666500
977900
753600
805700
642000
975200
352200
565300
501700
395700
198300
484700
491000
461100
933100
506400
642900
725200
518900
488000
108800
990000
777100
556700
378400
128600
269600
116000
844000
966200
922700
703900
944000
