467943
367470
518712
676056
697026
531464
748545
695877
690886
749568
640016
753059
441297
840350
645079
695742
721800
809946
717465
605250
1118448
1015443
605120
798120
701013
706314
568472
973144
626368
923062
883175
995890
853248
703800
583792
761685
677250
787585
959035
818400
686850
936640
575508
621296
983535
646700
586466
530820
572032
821528
549610
728028
426440
854960
798174
921167
566922
550630
552570
559550
689010
656449
488306
705640
585770
393150
696220
600592
762726
680944
929614
729360
690060
811184
674996
777200
534105
486684
961482
627336
584540
720579
634530
1064016
739154
304065
591794
470778
719604
543712
513487
737976
755568
675045
660928
614075
495312
849925
744084
687351
