2164545
21780669
3009060
2354367
14391690
270682
291752
7274919
8422390
24176872
8238806
4685212
17110318
10504281
18036215
5701002
15821851
3431780
1813989
9570658
6627877
369872
14146236
5499583
1599521
14155154
3251069
23859240
10350109
2762408
9463185
1655773
4239266
5893789
9623574
23772772
260420
919452
1455747
9202371
8982995
16697913
3203152
24809985
15941075
12968870
900605
10718084
5298049
6442086
17930361
2643181
4720285
7604410
9716483
23783780
2927936
16427200
2368262
7564173
581645
4726509
6617821
17122212
9120895
14284569
10743834
19528260
20324519
4269703
24583138
10520872
1763489
4767503
2229162
7787191
9815700
2075101
7818788
4783924
22805905
1341833
794376
5291173
19189219
13609177
918035
10975517
856863
2020805
7676766
2538273
10732532
8223160
13239525
11458780
20819542
274440
12836684
20971170
