4182
4689
49252
214041
30840
44609
117559
81324
24954
109159
192736
88159
9245
36120
107662
125441
187714
19095
229743
153753
29850
91968
160363
6251
44532
139137
149225
174790
70180
95929
238456
28565
29075
50943
71917
166352
103967
4814
55927
216744
215750
241013
33861
158022
61809
104529
158119
45740
28624
190565
32721
204522
38181
17986
127100
224496
61772
28015
60043
83841
81223
181225
31272
89053
149834
24502
186237
75820
11902
24349
91073
89953
198716
147468
165208
154915
3091
29452
243568
103509
38050
236449
55196
125126
148604
3550
117416
28785
131884
39810
9704
224325
64804
44751
127994
121603
22909
181690
162000
136029
