41
2
-5 -23 
57
-36 0 42 -90 -15 -19 90 -17 61 -85 54 -90 -7 -88 77 -21 19 42 -11 86 78 84 -76 -62 -86 -29 -68 31 66 -41 -88 -71 10 5 90 95 86 79 -73 -3 44 82 7 -63 94 -67 -34 -38 75 6 -53 2 -61 -29 41 -47 -8 
97
85 -93 32 47 -64 -59 -49 76 -65 88 54 -37 -16 -2 95 41 -15 88 74 1 100 -1 -94 -54 -100 -55 -32 -9 -51 60 -87 84 68 -4 30 54 37 32 -20 23 19 -67 36 53 -19 30 -57 16 -33 -84 -83 -34 15 74 12 -34 -81 30 57 -32 -60 21 -99 58 -84 31 11 3 -38 41 -75 31 75 61 -67 -95 -60 -24 22 7 -7 -11 73 58 -38 -65 -77 -69 65 31 -51 55 -49 -50 12 -33 32 
44
20 94 14 46 -25 -62 -44 8 -56 -3 85 16 -97 -73 55 27 85 -84 12 59 99 -74 -11 -53 82 -10 -52 -7 7 80 -34 -74 73 81 72 -53 -82 79 6 -88 -25 -10 28 -22 
48
-18 55 -49 -51 -34 60 98 -7 99 -56 -26 -12 -8 17 95 -29 84 -79 95 64 43 92 32 21 -3 45 96 87 -78 -76 -47 -45 29 5 -46 96 -36 -49 -62 -37 -5 -38 51 38 79 -4 59 62 
44
3 -25 -91 -5 -93 -19 92 52 -24 29 24 -50 82 79 80 -64 -68 25 -49 -17 63 14 29 75 -86 -84 53 10 75 15 27 -22 90 37 23 47 -83 -36 -52 -57 93 73 -56 25 
12
74 61 34 -2 -89 -84 -90 -25 -5 85 -60 11 
17
0 -14 -99 -73 14 42 64 -64 -12 31 0 -13 24 -57 -41 68 18 
65
-9 -72 -7 89 91 10 49 -35 -96 33 -45 -34 -80 56 2 72 83 -85 13 -4 -99 52 77 -49 -62 0 -56 -53 -82 62 -94 9 91 0 -52 81 60 97 96 14 -20 -49 80 -50 -94 -69 -79 39 97 -15 -66 98 -64 -90 100 -76 -40 -57 -29 -72 -95 -73 -12 46 -23 
81
26 -64 -18 -29 1 12 22 -70 12 -22 -38 34 -84 -42 69 -100 -94 -96 61 -95 79 -79 99 100 100 54 -74 -13 -1 4 73 75 -10 -95 -54 91 -33 18 72 80 97 84 13 63 -59 -69 64 98 -65 24 -98 64 -5 52 63 -55 5 89 32 -96 -58 -45 79 33 -40 75 -27 27 -57 -56 6 90 78 69 52 -81 100 -35 -84 85 90 
83
-2 -66 21 -40 -21 -75 100 62 80 -59 -84 9 74 -74 -67 98 53 -24 92 -91 -35 70 28 -83 39 -22 -18 5 -88 -79 -76 11 -44 45 71 -15 21 70 -54 -50 62 -38 59 -15 -12 43 -18 92 -82 -76 51 -16 94 -72 -49 -18 -44 -17 87 -31 -45 -89 30 -39 6 -50 46 77 71 93 78 32 -96 -14 -84 -57 -72 -51 -66 -53 -27 35 -19 
59
63 -18 -2 70 15 -66 -62 70 -55 18 -70 2 68 77 -22 38 19 -95 -81 23 -8 87 16 20 -65 50 67 -42 -66 98 -26 48 -71 22 17 45 6 5 14 2 -78 45 -97 40 -29 -69 -22 40 -63 -53 -88 29 -67 29 -52 -32 -72 66 -24 
6
13 0 -90 43 -79 -23 
42
-22 82 51 80 54 -55 83 -7 -34 64 21 -95 -100 69 -82 29 -99 47 28 -80 75 -57 -54 88 56 47 48 -52 18 75 35 96 56 -64 75 9 -19 57 -98 48 21 -27 
80
-29 -59 21 51 94 -33 -72 64 93 -29 -91 30 77 56 -72 -75 -26 -98 60 -31 59 46 95 -83 -73 1 70 75 72 -57 -23 -57 -16 99 44 -73 -85 72 91 58 -58 -100 -12 69 56 16 94 80 18 4 100 -74 -51 94 -56 -24 -56 64 -100 -84 -94 -22 -91 -59 -74 53 -32 -59 -26 -41 100 -34 -91 -63 -66 65 53 -72 -5 -80 
10
-6 98 31 -63 -59 -93 -19 55 58 -53 
86
-65 -44 53 -89 59 -80 -47 -68 -71 -98 -2 -62 -61 33 54 42 11 99 62 93 -58 59 23 -21 50 -20 10 5 -62 8 -84 -77 64 69 -65 -27 39 -62 -45 19 -60 54 7 -21 -64 -90 71 -3 -92 32 -11 -50 -59 -89 -21 41 -8 40 96 30 -53 62 3 61 30 38 84 -81 76 -61 38 -85 93 95 -56 79 -95 -86 -25 64 -3 64 -86 -12 25 -57 
15
67 33 75 -4 80 36 100 -9 -84 -13 -26 -65 -37 -37 23 
35
-95 -33 -77 84 -28 -63 -92 -64 -16 22 -100 22 -53 94 1 -87 27 -25 -40 -44 61 -91 -3 77 -4 22 62 9 85 -66 -12 91 2 11 24 
14
-2 33 10 83 -46 -40 -46 -49 -46 55 -85 31 -71 -25 
28
41 -16 -66 17 30 6 -71 90 -10 -37 -23 -70 15 88 55 -61 -15 -63 -1 -83 -59 60 -78 -7 64 77 8 -56 
54
33 81 -3 67 65 64 -54 -30 93 -65 11 -44 12 -9 71 -51 96 60 -15 83 -41 -48 -76 69 -26 -33 -18 -49 25 26 58 -43 6 -46 -77 -79 68 -31 -59 61 -45 2 -84 17 44 37 67 39 -53 -49 22 -44 -47 -4 
95
28 63 6 29 -13 82 -64 -6 -63 -60 -33 -42 -93 -14 -50 68 41 52 34 -42 -5 -29 75 85 -32 76 -44 24 -72 52 -2 6 14 54 -66 51 35 -80 -56 22 -40 11 31 -32 97 81 -65 -12 -18 70 46 28 91 -30 12 -42 -55 18 32 -27 -31 -71 80 33 33 64 -17 -83 85 -23 39 -56 38 -31 12 34 100 -2 72 -18 -33 -33 60 -43 37 -79 -35 82 39 97 -95 -93 76 35 -10 
45
-52 73 -75 -68 -51 64 -73 87 84 -11 -30 33 37 93 65 -97 -41 24 -90 97 -5 -75 28 -67 -79 33 91 47 -33 -20 -96 16 -98 -71 -2 -99 44 -25 38 -23 15 59 -91 -49 51 
70
-95 -91 -52 -85 56 -6 -59 -16 27 -88 -84 -32 10 -66 -2 -36 50 1 -56 98 2 38 -27 91 -86 38 49 74 89 -1 -2 44 -42 -3 60 -86 91 51 -2 -33 13 -36 35 -78 -2 -67 -63 98 -16 -19 96 86 -82 -82 26 83 6 -26 6 -56 73 -96 89 82 -49 48 96 92 -52 -57 
25
11 7 44 -16 -95 27 21 53 -90 -99 -2 46 70 -34 -28 52 72 46 -43 -84 -31 -89 -96 -50 -38 
35
96 -97 0 -62 -38 -90 45 56 -6 0 -18 -86 -97 -58 66 1 88 35 68 -91 -14 -11 56 44 5 75 55 -41 75 68 11 70 71 -90 58 
24
72 -48 38 -35 3 70 -70 6 -89 96 -94 50 31 24 59 -84 64 -36 10 -82 89 -85 -22 63 
24
39 -18 3 50 90 -64 21 -58 24 36 45 -6 66 -50 -45 62 -94 55 -58 -19 14 -42 -56 28 
56
-88 17 34 -60 -71 -34 80 -38 19 -21 -49 55 100 -7 -71 -15 88 23 -49 88 28 63 95 -17 -96 -75 47 -88 -81 -76 31 -69 -9 -86 -28 -29 -20 -49 33 50 30 34 -46 -21 78 -17 64 65 56 65 53 -16 27 -3 17 -19 
1
-87 
25
-9 88 75 22 -21 90 44 50 -81 45 -68 69 -26 66 -77 3 -7 -44 -83 -42 -88 82 61 -54 -41 
85
13 -10 29 26 34 -81 13 9 41 42 -2 -65 -59 17 80 -27 -64 -46 90 -91 7 -18 -35 24 -10 -23 -44 -50 -27 -35 7 86 5 -65 -39 -61 -96 25 48 46 -34 96 81 8 -38 60 31 -2 64 -30 -43 -79 3 -27 -5 93 0 1 94 74 16 0 59 -79 -14 -80 -40 -10 45 -93 86 61 53 16 -82 -86 -74 50 -37 40 70 20 61 -28 93 
91
-85 -7 7 -92 -34 -77 -42 75 -56 44 45 4 85 -11 -39 20 -100 -87 -64 -82 78 -38 18 -60 52 -12 61 13 10 3 19 25 46 -75 33 -89 -52 92 37 -58 -15 -19 -4 -31 21 57 90 21 20 76 39 -2 88 -93 -12 39 -5 99 -99 -96 2 20 30 -53 -4 -88 -91 -6 -97 46 37 -11 77 -68 8 -3 40 -53 -83 -91 -78 7 -43 -91 14 46 49 59 -6 50 63 
60
-80 -58 94 -34 -95 53 60 -92 -2 -54 -53 -26 -71 6 22 19 53 39 -22 76 96 36 35 -41 -69 -67 -83 25 34 31 -29 54 23 -86 -81 28 67 29 -13 -36 26 34 -12 55 90 -91 -77 43 -1 1 -32 -56 87 53 4 -83 87 -29 -7 20 
32
14 -77 25 28 -58 -48 -6 21 -11 8 -54 -77 46 51 63 6 74 -45 55 -75 23 99 -89 -24 -48 80 -88 24 -78 32 25 36 
86
100 -37 47 -98 7 -33 -9 -86 -36 -36 60 65 -73 -35 39 -18 -81 14 56 69 25 82 -80 -46 94 44 -24 -25 -81 -89 80 -82 -76 26 71 31 43 -38 -5 57 26 -45 22 3 -30 -90 36 -60 24 -9 -92 99 -28 -72 -47 -85 23 -21 -10 42 -9 -31 10 -35 45 -19 47 -63 43 -59 95 -82 -54 -34 -28 17 -24 -93 57 100 -2 65 48 20 43 -100 
16
-35 -70 75 57 -29 94 -33 36 -12 48 -18 25 -60 -26 -31 -92 
45
35 -20 87 -90 -13 43 60 35 -43 -42 -96 51 -92 -11 -85 -62 -87 23 9 57 90 96 -56 37 -23 20 27 1 39 35 -79 -26 -85 58 -66 -48 -49 45 88 -42 53 92 -92 61 -69 
29
100 -56 -3 8 -99 -14 3 96 73 31 -35 -1 82 -96 84 53 -72 99 11 -88 -49 62 7 89 -81 -41 30 79 -80 
83
53 70 56 100 -73 57 -15 -19 2 -93 62 68 -44 43 22 -61 -4 0 89 57 12 90 18 70 78 -13 -72 -43 -35 99 -82 68 68 24 67 46 -70 -99 -74 32 59 88 -51 -86 30 71 -96 76 -30 93 32 33 82 100 2 9 -63 -20 66 2 -21 34 -80 97 -43 37 42 -13 39 18 70 -53 5 -82 -38 86 40 -34 61 60 -92 -57 -58 
