145781922
466812949
173959131
151568167
377736720
51037939
53179361
268914969
284815218
489185410
286464423
212244280
415639706
321192509
424502644
238549976
398644051
184719609
134479665
306903391
256503907
60286553
369989195
234378439
122409047
370766537
179036964
485675788
319519431
163188412
307073338
132343364
203223023
243926946
309059301
486450607
47431983
97400847
123360229
302267230
299041417
404720750
175843823
498050687
397132808
359228758
94355117
321511650
225897353
251215530
427311717
162538807
220159325
272726973
311647585
481950338
174394276
409688197
151274382
273893043
75064598
216150186
258570316
412516239
304419137
382356913
324055209
436800260
445546087
205809895
496261398
323253578
130183010
215793923
148523781
276366925
313148892
141942454
284465716
215837167
474935848
114949585
88659386
225492736
436519800
366167261
93431738
331686443
93882784
140018251
272812027
160484660
328927968
280890523
361339219
332217939
454907973
51405897
354267029
458630356
