5460346
6598762
20346415
46629983
16396278
22089417
33274534
27385332
15197654
30880620
42089565
28307594
9413072
18682281
33187258
35434239
40740987
12910456
47180103
37833223
17159875
28772738
39990198
7144345
20240663
37615144
38844922
38760448
25757148
31091107
48957745
16159925
16150795
20992036
24107615
40686904
31016779
5918467
23106258
45962125
44860178
45944910
17268310
38347192
22541729
30488974
38610450
20415431
16750715
42416325
18800949
43023236
18312207
12439863
34284068
47943067
23991492
15953236
22883267
27799235
27537907
42243942
16875937
27337267
36462848
15108874
40377224
26716839
10549041
14870252
29291220
27845292
45186233
37053524
38609796
36193478
4029193
17533251
48141502
29972382
19178190
47769891
21361538
33205768
36267602
5246229
33500948
15918500
35991399
19750360
9245680
46011785
23548288
20884657
35880654
32374423
14861088
42063464
38808418
36272646
